zoomlevel,regionId,regionSize,algorithm,rate,delta,waypointCost,computionCost,mappingCost,renderingCost,quality,qualityCost
11,0,0.015625,0,0.01,0,588,0,0,0,0.0,2
11,0,0.015625,0,0.005,0,588,0,0,0,0.0,0
11,0,0.015625,0,0.001,0,524,0,0,0,0.0,0
11,0,0.015625,0,5.0E-4,0,523,0,0,0,0.0,0
11,0,0.015625,0,1.0E-4,0,509,0,0,0,0.0,0
11,0,0.015625,0,5.0E-5,0,514,0,0,0,0.0,0
11,0,0.015625,0,1.0E-5,0,507,0,0,0,0.0,0
11,0,0.015625,1,0.01,0,541,1,0,0,0.0,0
11,0,0.015625,1,0.01,4,589,0,0,0,0.0,0
11,0,0.015625,1,0.01,8,525,0,0,0,0.0,0
11,0,0.015625,1,0.01,16,506,0,0,0,0.0,0
11,0,0.015625,1,0.01,32,513,0,0,0,0.0,0
11,0,0.015625,1,0.01,64,507,0,0,0,0.0,0
11,0,0.015625,1,0.005,0,510,0,0,0,0.0,0
11,0,0.015625,1,0.005,4,512,0,0,0,0.0,0
11,0,0.015625,1,0.005,8,507,0,0,0,0.0,0
11,0,0.015625,1,0.005,16,502,1,0,0,0.0,0
11,0,0.015625,1,0.005,32,503,1,0,0,0.0,0
11,0,0.015625,1,0.005,64,503,0,0,0,0.0,0
11,0,0.015625,1,0.001,0,512,0,0,0,0.0,0
11,0,0.015625,1,0.001,4,502,0,0,0,0.0,0
11,0,0.015625,1,0.001,8,509,0,0,0,0.0,0
11,0,0.015625,1,0.001,16,506,1,0,0,0.0,0
11,0,0.015625,1,0.001,32,502,1,0,0,0.0,0
11,0,0.015625,1,0.001,64,503,0,0,0,0.0,0
11,0,0.015625,1,5.0E-4,0,504,0,0,0,0.0,0
11,0,0.015625,1,5.0E-4,4,506,0,0,0,0.0,0
11,0,0.015625,1,5.0E-4,8,510,0,0,0,0.0,0
11,0,0.015625,1,5.0E-4,16,509,0,0,0,0.0,0
11,0,0.015625,1,5.0E-4,32,502,0,0,0,0.0,1
11,0,0.015625,1,5.0E-4,64,505,0,0,0,0.0,0
11,0,0.015625,1,1.0E-4,0,502,0,0,0,0.0,0
11,0,0.015625,1,1.0E-4,4,506,0,0,0,0.0,0
11,0,0.015625,1,1.0E-4,8,505,0,0,0,0.0,0
11,0,0.015625,1,1.0E-4,16,505,1,0,0,0.0,0
11,0,0.015625,1,1.0E-4,32,506,0,0,0,0.0,0
11,0,0.015625,1,1.0E-4,64,503,0,0,0,0.0,0
11,0,0.015625,1,5.0E-5,0,508,0,0,0,0.0,0
11,0,0.015625,1,5.0E-5,4,514,0,0,0,0.0,0
11,0,0.015625,1,5.0E-5,8,499,0,0,0,0.0,0
11,0,0.015625,1,5.0E-5,16,510,0,0,0,0.0,0
11,0,0.015625,1,5.0E-5,32,514,0,0,0,0.0,0
11,0,0.015625,1,5.0E-5,64,517,0,0,0,0.0,0
11,0,0.015625,1,1.0E-5,0,512,0,0,0,0.0,0
11,0,0.015625,1,1.0E-5,4,512,0,0,0,0.0,0
11,0,0.015625,1,1.0E-5,8,513,0,0,0,0.0,0
11,0,0.015625,1,1.0E-5,16,509,0,0,0,0.0,0
11,0,0.015625,1,1.0E-5,32,508,0,0,0,0.0,0
11,0,0.015625,1,1.0E-5,64,509,0,0,0,0.0,0
11,0,0.03125,0,0.01,0,513,0,0,0,0.0,0
11,0,0.03125,0,0.005,0,509,0,0,0,0.0,0
11,0,0.03125,0,0.001,0,509,0,0,0,0.0,0
11,0,0.03125,0,5.0E-4,0,509,0,0,0,0.0,0
11,0,0.03125,0,1.0E-4,0,512,0,0,0,0.0,0
11,0,0.03125,0,5.0E-5,0,515,0,0,0,0.0,0
11,0,0.03125,0,1.0E-5,0,518,0,0,0,0.0,0
11,0,0.03125,1,0.01,0,520,0,0,0,0.0,0
11,0,0.03125,1,0.01,4,512,0,0,0,0.0,0
11,0,0.03125,1,0.01,8,513,0,0,0,0.0,0
11,0,0.03125,1,0.01,16,515,0,0,0,0.0,0
11,0,0.03125,1,0.01,32,507,1,0,0,0.0,0
11,0,0.03125,1,0.01,64,632,0,0,0,0.0,0
11,0,0.03125,1,0.005,0,531,0,0,0,0.0,1
11,0,0.03125,1,0.005,4,516,0,0,0,0.0,0
11,0,0.03125,1,0.005,8,507,0,0,0,0.0,0
11,0,0.03125,1,0.005,16,505,0,0,0,0.0,0
11,0,0.03125,1,0.005,32,504,1,0,0,0.0,0
11,0,0.03125,1,0.005,64,551,0,0,0,0.0,0
11,0,0.03125,1,0.001,0,513,0,0,0,0.0,0
11,0,0.03125,1,0.001,4,527,0,0,0,0.0,0
11,0,0.03125,1,0.001,8,517,0,0,0,0.0,0
11,0,0.03125,1,0.001,16,508,1,0,0,0.0,0
11,0,0.03125,1,0.001,32,505,0,0,0,0.0,0
11,0,0.03125,1,0.001,64,505,0,0,0,0.0,0
11,0,0.03125,1,5.0E-4,0,506,0,0,0,0.0,0
11,0,0.03125,1,5.0E-4,4,509,0,0,0,0.0,0
11,0,0.03125,1,5.0E-4,8,503,0,0,0,0.0,0
11,0,0.03125,1,5.0E-4,16,516,0,0,0,0.0,1
11,0,0.03125,1,5.0E-4,32,519,0,0,0,0.0,0
11,0,0.03125,1,5.0E-4,64,546,0,0,0,0.0,0
11,0,0.03125,1,1.0E-4,0,527,0,0,0,0.0,0
11,0,0.03125,1,1.0E-4,4,512,0,0,0,0.0,0
11,0,0.03125,1,1.0E-4,8,512,0,0,0,0.0,0
11,0,0.03125,1,1.0E-4,16,512,0,0,0,0.0,0
11,0,0.03125,1,1.0E-4,32,509,0,0,0,0.0,0
11,0,0.03125,1,1.0E-4,64,508,0,0,0,0.0,0
11,0,0.03125,1,5.0E-5,0,507,0,0,0,0.0,0
11,0,0.03125,1,5.0E-5,4,508,0,0,0,0.0,0
11,0,0.03125,1,5.0E-5,8,506,0,0,0,0.0,0
11,0,0.03125,1,5.0E-5,16,502,0,0,0,0.0,0
11,0,0.03125,1,5.0E-5,32,511,1,0,0,0.0,0
11,0,0.03125,1,5.0E-5,64,506,1,0,0,0.0,0
11,0,0.03125,1,1.0E-5,0,507,0,0,0,0.0,0
11,0,0.03125,1,1.0E-5,4,503,0,0,0,0.0,0
11,0,0.03125,1,1.0E-5,8,514,1,0,0,0.0,0
11,0,0.03125,1,1.0E-5,16,504,1,0,0,0.0,0
11,0,0.03125,1,1.0E-5,32,510,0,0,0,0.0,0
11,0,0.03125,1,1.0E-5,64,509,0,0,0,0.0,0
11,0,0.0625,0,0.01,0,512,0,0,0,0.0,0
11,0,0.0625,0,0.005,0,511,0,0,0,0.0,0
11,0,0.0625,0,0.001,0,510,0,0,0,0.0,0
11,0,0.0625,0,5.0E-4,0,509,0,0,0,0.0,1
11,0,0.0625,0,1.0E-4,0,505,0,0,0,0.0,1
11,0,0.0625,0,5.0E-5,0,505,0,0,0,0.0,0
11,0,0.0625,0,1.0E-5,0,502,0,0,0,0.0,0
11,0,0.0625,1,0.01,0,505,1,0,0,0.0,0
11,0,0.0625,1,0.01,4,505,1,0,0,0.0,0
11,0,0.0625,1,0.01,8,503,1,0,0,0.0,0
11,0,0.0625,1,0.01,16,503,1,0,0,0.0,0
11,0,0.0625,1,0.01,32,505,1,0,0,0.0,0
11,0,0.0625,1,0.01,64,503,1,0,0,0.0,0
11,0,0.0625,1,0.005,0,501,1,0,0,0.0,0
11,0,0.0625,1,0.005,4,502,1,0,0,0.0,0
11,0,0.0625,1,0.005,8,504,1,0,0,0.0,0
11,0,0.0625,1,0.005,16,511,1,0,0,0.0,0
11,0,0.0625,1,0.005,32,506,1,0,0,0.0,0
11,0,0.0625,1,0.005,64,508,1,0,0,0.0,0
11,0,0.0625,1,0.001,0,510,1,0,0,0.0,0
11,0,0.0625,1,0.001,4,512,1,0,0,0.0,0
11,0,0.0625,1,0.001,8,505,0,0,0,0.0,0
11,0,0.0625,1,0.001,16,505,1,0,0,0.0,0
11,0,0.0625,1,0.001,32,505,1,0,0,0.0,0
11,0,0.0625,1,0.001,64,504,0,0,0,0.0,1
11,0,0.0625,1,5.0E-4,0,508,0,0,0,0.0,0
11,0,0.0625,1,5.0E-4,4,503,0,0,0,0.0,0
11,0,0.0625,1,5.0E-4,8,502,0,0,0,0.0,1
11,0,0.0625,1,5.0E-4,16,507,0,0,0,0.0,0
11,0,0.0625,1,5.0E-4,32,506,1,0,0,0.0,0
11,0,0.0625,1,5.0E-4,64,508,0,0,0,0.0,1
11,0,0.0625,1,1.0E-4,0,510,0,0,0,0.0,0
11,0,0.0625,1,1.0E-4,4,512,1,0,0,0.0,0
11,0,0.0625,1,1.0E-4,8,509,1,0,0,0.0,0
11,0,0.0625,1,1.0E-4,16,504,0,0,0,0.0,0
11,0,0.0625,1,1.0E-4,32,504,0,0,0,0.0,0
11,0,0.0625,1,1.0E-4,64,503,0,0,0,0.0,0
11,0,0.0625,1,5.0E-5,0,502,0,1,0,0.0,0
11,0,0.0625,1,5.0E-5,4,502,1,0,0,0.0,0
11,0,0.0625,1,5.0E-5,8,503,1,0,0,0.0,0
11,0,0.0625,1,5.0E-5,16,502,1,0,0,0.0,0
11,0,0.0625,1,5.0E-5,32,514,0,0,0,0.0,0
11,0,0.0625,1,5.0E-5,64,503,0,0,0,0.0,1
11,0,0.0625,1,1.0E-5,0,503,1,0,0,0.0,0
11,0,0.0625,1,1.0E-5,4,510,0,0,0,0.0,1
11,0,0.0625,1,1.0E-5,8,511,0,0,0,0.0,0
11,0,0.0625,1,1.0E-5,16,502,0,0,0,0.0,0
11,0,0.0625,1,1.0E-5,32,503,1,0,0,0.0,0
11,0,0.0625,1,1.0E-5,64,514,0,0,0,0.0,0
11,0,0.125,0,0.01,0,507,0,1,0,0.04278523489932886,1
11,0,0.125,0,0.005,0,514,0,0,0,0.040268456375838924,2
11,0,0.125,0,0.001,0,503,0,0,0,0.0,1
11,0,0.125,0,5.0E-4,0,502,0,0,0,0.0,2
11,0,0.125,0,1.0E-4,0,508,0,0,0,0.0,2
11,0,0.125,0,5.0E-5,0,510,0,0,0,0.0,1
11,0,0.125,0,1.0E-5,0,516,0,0,0,0.0,2
11,0,0.125,1,0.01,0,507,4,1,2,0.08640939597315436,1
11,0,0.125,1,0.01,4,505,9,1,1,0.23406040268456377,4
11,0,0.125,1,0.01,8,510,11,0,1,0.3187919463087248,6
11,0,0.125,1,0.01,16,510,28,1,0,0.5293624161073825,19
11,0,0.125,1,0.01,32,503,130,1,0,0.8045302013422819,111
11,0,0.125,1,0.01,64,511,466,0,1,1.0,457
11,0,0.125,1,0.005,0,515,3,0,0,0.07046979865771812,1
11,0,0.125,1,0.005,4,540,3,1,0,0.17953020134228187,2
11,0,0.125,1,0.005,8,501,6,0,0,0.23909395973154363,4
11,0,0.125,1,0.005,16,508,16,0,0,0.3800335570469799,25
11,0,0.125,1,0.005,32,522,61,0,0,0.660234899328859,66
11,0,0.125,1,0.005,64,517,252,0,1,1.0,250
11,0,0.125,1,0.001,0,517,2,0,0,0.0,1
11,0,0.125,1,0.001,4,503,1,0,0,0.0,1
11,0,0.125,1,0.001,8,517,3,0,0,0.0,1
11,0,0.125,1,0.001,16,502,3,0,0,0.0,1
11,0,0.125,1,0.001,32,507,2,0,0,0.0,1
11,0,0.125,1,0.001,64,514,3,0,0,0.0,1
11,0,0.125,1,5.0E-4,0,501,2,0,0,0.0,1
11,0,0.125,1,5.0E-4,4,503,3,0,0,0.0,1
11,0,0.125,1,5.0E-4,8,508,2,0,0,0.0,1
11,0,0.125,1,5.0E-4,16,510,2,0,0,0.0,1
11,0,0.125,1,5.0E-4,32,508,2,0,0,0.0,1
11,0,0.125,1,5.0E-4,64,501,2,0,0,0.0,2
11,0,0.125,1,1.0E-4,0,500,2,0,0,0.0,1
11,0,0.125,1,1.0E-4,4,503,2,0,0,0.0,1
11,0,0.125,1,1.0E-4,8,502,2,0,0,0.0,1
11,0,0.125,1,1.0E-4,16,502,3,0,0,0.0,1
11,0,0.125,1,1.0E-4,32,502,2,0,0,0.0,2
11,0,0.125,1,1.0E-4,64,510,2,0,0,0.0,2
11,0,0.125,1,5.0E-5,0,513,2,0,0,0.0,1
11,0,0.125,1,5.0E-5,4,505,2,0,0,0.0,2
11,0,0.125,1,5.0E-5,8,504,2,0,0,0.0,2
11,0,0.125,1,5.0E-5,16,502,2,0,0,0.0,1
11,0,0.125,1,5.0E-5,32,502,3,0,0,0.0,1
11,0,0.125,1,5.0E-5,64,503,2,0,0,0.0,1
11,0,0.125,1,1.0E-5,0,503,2,0,0,0.0,2
11,0,0.125,1,1.0E-5,4,510,2,0,0,0.0,1
11,0,0.125,1,1.0E-5,8,512,3,0,0,0.0,1
11,0,0.125,1,1.0E-5,16,506,2,0,0,0.0,1
11,0,0.125,1,1.0E-5,32,502,2,0,0,0.0,2
11,0,0.125,1,1.0E-5,64,506,2,0,0,0.0,1
11,0,0.25,0,0.01,0,506,0,0,1,0.054817275747508304,16
11,0,0.25,0,0.005,0,504,0,0,1,0.032059800664451826,15
11,0,0.25,0,0.001,0,509,0,0,0,0.0038205980066445184,15
11,0,0.25,0,5.0E-4,0,512,0,0,0,0.004152823920265781,15
11,0,0.25,0,1.0E-4,0,508,0,0,0,0.0,16
11,0,0.25,0,5.0E-5,0,503,0,0,0,0.0,16
11,0,0.25,0,1.0E-5,0,504,0,0,0,0.0,16
11,0,0.25,1,0.01,0,507,48,3,14,0.14601328903654484,18
11,0,0.25,1,0.01,4,523,70,2,3,0.3975083056478405,33
11,0,0.25,1,0.01,8,522,133,3,4,0.5096345514950166,73
11,0,0.25,1,0.01,16,539,354,2,3,0.6669435215946844,254
11,0,0.25,1,0.01,32,513,1155,2,3,0.958139534883721,1402
11,0,0.25,1,0.01,64,526,4229,2,2,1.0,5355
11,0,0.25,1,0.005,0,524,40,1,2,0.10880398671096346,18
11,0,0.25,1,0.005,4,529,55,1,2,0.3292358803986711,27
11,0,0.25,1,0.005,8,521,90,1,2,0.43388704318936877,49
11,0,0.25,1,0.005,16,504,218,1,2,0.5853820598006645,159
11,0,0.25,1,0.005,32,512,725,2,1,0.8078073089700997,959
11,0,0.25,1,0.005,64,518,2790,1,1,0.9822259136212624,3716
11,0,0.25,1,0.001,0,524,38,0,1,0.009302325581395349,17
11,0,0.25,1,0.001,4,522,41,0,0,0.04451827242524917,19
11,0,0.25,1,0.001,8,520,46,1,0,0.0739202657807309,24
11,0,0.25,1,0.001,16,534,91,1,0,0.11162790697674418,52
11,0,0.25,1,0.001,32,578,245,0,0,0.5664451827242525,303
11,0,0.25,1,0.001,64,508,962,0,1,0.9460132890365448,1246
11,0,0.25,1,5.0E-4,0,638,33,1,0,0.005481727574750831,16
11,0,0.25,1,5.0E-4,4,591,35,1,0,0.040697674418604654,17
11,0,0.25,1,5.0E-4,8,534,39,0,1,0.07043189368770764,20
11,0,0.25,1,5.0E-4,16,609,52,0,0,0.10847176079734219,31
11,0,0.25,1,5.0E-4,32,520,126,0,0,0.1729235880398671,138
11,0,0.25,1,5.0E-4,64,548,467,0,0,0.34850498338870434,556
11,0,0.25,1,1.0E-4,0,520,32,0,0,0.0,16
11,0,0.25,1,1.0E-4,4,594,32,0,0,0.0,15
11,0,0.25,1,1.0E-4,8,580,37,0,0,0.0,18
11,0,0.25,1,1.0E-4,16,577,38,0,0,0.0,17
11,0,0.25,1,1.0E-4,32,604,32,0,0,0.0,16
11,0,0.25,1,1.0E-4,64,522,35,0,0,0.0,16
11,0,0.25,1,5.0E-5,0,518,31,0,0,0.0,16
11,0,0.25,1,5.0E-5,4,524,37,0,0,0.0,18
11,0,0.25,1,5.0E-5,8,638,38,0,0,0.0,17
11,0,0.25,1,5.0E-5,16,593,38,0,0,0.0,17
11,0,0.25,1,5.0E-5,32,583,39,0,0,0.0,17
11,0,0.25,1,5.0E-5,64,569,32,0,0,0.0,16
11,0,0.25,1,1.0E-5,0,513,39,0,0,0.0,19
11,0,0.25,1,1.0E-5,4,560,35,0,0,0.0,17
11,0,0.25,1,1.0E-5,8,512,34,0,0,0.0,17
11,0,0.25,1,1.0E-5,16,511,34,0,0,0.0,16
11,0,0.25,1,1.0E-5,32,506,32,0,0,0.0,15
11,0,0.25,1,1.0E-5,64,506,31,0,0,0.0,16
11,0,0.5,0,0.01,0,563,1,2,3,0.12986916993125877,280
11,0,0.5,0,0.005,0,559,2,0,2,0.07798063419321458,279
11,0,0.5,0,0.001,0,563,1,0,1,0.020659324414221303,277
11,0,0.5,0,5.0E-4,0,562,0,0,0,0.008315470470840417,278
11,0,0.5,0,1.0E-4,0,567,9,0,0,0.0021435434991499743,299
11,0,0.5,0,5.0E-5,0,589,1,0,0,0.0013674329218715353,326
11,0,0.5,0,1.0E-5,0,590,1,0,0,5.543646980560278E-4,289
11,0,0.5,1,0.01,0,572,1048,29,50,0.5255007761105773,361
11,0,0.5,1,0.01,4,575,1387,29,41,0.9259738339862518,538
11,0,0.5,1,0.01,8,567,2868,29,30,0.964964151082859,1066
11,0,0.5,1,0.01,16,578,5973,28,30,0.9817429226106882,3405
11,0,0.5,1,0.01,32,596,19173,27,29,0.9915366989430113,16173
11,0,0.5,1,0.01,64,575,70289,24,27,1.0,58786
11,0,0.5,1,0.005,0,574,782,20,20,0.3865769827777367,298
11,0,0.5,1,0.005,4,564,1085,20,21,0.867285091285387,443
11,0,0.5,1,0.005,8,564,1750,20,21,0.9327001256559982,840
11,0,0.5,1,0.005,16,577,4050,19,19,0.968770788676177,2363
11,0,0.5,1,0.005,32,572,13053,19,20,0.988173553108138,11633
11,0,0.5,1,0.005,64,566,47995,18,19,0.9985586517850543,42499
11,0,0.5,1,0.001,0,580,691,7,8,0.16209623771158252,289
11,0,0.5,1,0.001,4,563,794,7,8,0.5909897257742627,331
11,0,0.5,1,0.001,8,561,1089,7,8,0.7419617118781876,476
11,0,0.5,1,0.001,16,610,2028,7,8,0.8702786606548895,1050
11,0,0.5,1,0.001,32,570,5350,9,7,0.9615270899549117,5100
11,0,0.5,1,0.001,64,587,18852,7,8,0.99356936950255,17680
11,0,0.5,1,5.0E-4,0,575,692,4,5,0.11050336314583488,280
11,0,0.5,1,5.0E-4,4,560,736,5,5,0.46954689925345555,309
11,0,0.5,1,5.0E-4,8,564,886,4,5,0.6226993865030674,401
11,0,0.5,1,5.0E-4,16,582,1448,4,5,0.7886022618079681,737
11,0,0.5,1,5.0E-4,32,570,3617,4,5,0.9264542833912337,3540
11,0,0.5,1,5.0E-4,64,578,11950,4,5,0.99356936950255,11298
11,0,0.5,1,1.0E-4,0,582,729,1,1,0.02498336905905832,294
11,0,0.5,1,1.0E-4,4,570,676,1,2,0.14653706851947668,284
11,0,0.5,1,1.0E-4,8,566,725,1,2,0.28250425012935176,309
11,0,0.5,1,1.0E-4,16,568,891,2,1,0.4203932293591544,413
11,0,0.5,1,1.0E-4,32,567,1786,1,2,0.6218493606327149,1302
11,0,0.5,1,1.0E-4,64,564,3982,1,2,0.872680907679799,4432
11,0,0.5,1,5.0E-5,0,580,686,0,1,0.01700051740705152,315
11,0,0.5,1,5.0E-5,4,574,660,1,0,0.11689703599674772,282
11,0,0.5,1,5.0E-5,8,560,684,1,1,0.1703377928893488,324
11,0,0.5,1,5.0E-5,16,564,772,0,1,0.25737305048414516,348
11,0,0.5,1,5.0E-5,32,563,1112,1,1,0.3988099637815064,867
11,0,0.5,1,5.0E-5,64,583,2618,0,1,0.7089585335205854,2751
11,0,0.5,1,1.0E-5,0,561,655,0,0,0.0027348658437430706,283
11,0,0.5,1,1.0E-5,4,561,706,0,0,0.02712691255820829,337
11,0,0.5,1,1.0E-5,8,583,688,0,1,0.04556877818020549,285
11,0,0.5,1,1.0E-5,16,565,672,0,1,0.07724148126247321,294
11,0,0.5,1,1.0E-5,32,560,768,0,0,0.1272451770271269,398
11,0,0.5,1,1.0E-5,64,570,1207,0,0,0.20751718530563973,899
11,1,0.0078125,0,0.01,0,561,0,0,0,0.0,0
11,1,0.0078125,0,0.005,0,520,0,0,0,0.0,0
11,1,0.0078125,0,0.001,0,508,0,0,0,0.0,0
11,1,0.0078125,0,5.0E-4,0,510,0,0,0,0.0,0
11,1,0.0078125,0,1.0E-4,0,527,0,0,0,0.0,0
11,1,0.0078125,0,5.0E-5,0,501,0,0,0,0.0,0
11,1,0.0078125,0,1.0E-5,0,503,0,0,0,0.0,0
11,1,0.0078125,1,0.01,0,508,1,0,0,0.0,0
11,1,0.0078125,1,0.01,4,506,0,0,0,0.0,0
11,1,0.0078125,1,0.01,8,506,0,0,0,0.0,0
11,1,0.0078125,1,0.01,16,505,0,0,0,0.0,0
11,1,0.0078125,1,0.01,32,508,1,0,0,0.0,0
11,1,0.0078125,1,0.01,64,504,1,0,0,0.0,0
11,1,0.0078125,1,0.005,0,505,0,0,0,0.0,0
11,1,0.0078125,1,0.005,4,510,1,0,0,0.0,0
11,1,0.0078125,1,0.005,8,505,0,0,0,0.0,0
11,1,0.0078125,1,0.005,16,505,1,0,0,0.0,0
11,1,0.0078125,1,0.005,32,505,0,0,0,0.0,0
11,1,0.0078125,1,0.005,64,510,0,0,0,0.0,0
11,1,0.0078125,1,0.001,0,503,0,0,0,0.0,0
11,1,0.0078125,1,0.001,4,503,1,0,0,0.0,0
11,1,0.0078125,1,0.001,8,505,0,0,0,0.0,0
11,1,0.0078125,1,0.001,16,507,0,0,0,0.0,0
11,1,0.0078125,1,0.001,32,506,0,0,0,0.0,0
11,1,0.0078125,1,0.001,64,508,0,0,0,0.0,0
11,1,0.0078125,1,5.0E-4,0,504,0,0,0,0.0,0
11,1,0.0078125,1,5.0E-4,4,508,0,0,0,0.0,0
11,1,0.0078125,1,5.0E-4,8,503,0,0,0,0.0,0
11,1,0.0078125,1,5.0E-4,16,505,0,0,0,0.0,0
11,1,0.0078125,1,5.0E-4,32,507,0,0,0,0.0,0
11,1,0.0078125,1,5.0E-4,64,505,1,0,0,0.0,0
11,1,0.0078125,1,1.0E-4,0,504,1,0,0,0.0,0
11,1,0.0078125,1,1.0E-4,4,506,0,0,0,0.0,0
11,1,0.0078125,1,1.0E-4,8,504,0,0,0,0.0,0
11,1,0.0078125,1,1.0E-4,16,510,0,0,0,0.0,0
11,1,0.0078125,1,1.0E-4,32,502,1,0,0,0.0,0
11,1,0.0078125,1,1.0E-4,64,502,0,0,0,0.0,0
11,1,0.0078125,1,5.0E-5,0,508,0,0,0,0.0,0
11,1,0.0078125,1,5.0E-5,4,508,0,0,0,0.0,0
11,1,0.0078125,1,5.0E-5,8,507,0,0,0,0.0,0
11,1,0.0078125,1,5.0E-5,16,515,0,0,0,0.0,0
11,1,0.0078125,1,5.0E-5,32,511,0,0,0,0.0,0
11,1,0.0078125,1,5.0E-5,64,511,0,0,0,0.0,0
11,1,0.0078125,1,1.0E-5,0,513,0,0,0,0.0,0
11,1,0.0078125,1,1.0E-5,4,508,1,0,0,0.0,0
11,1,0.0078125,1,1.0E-5,8,509,0,0,0,0.0,0
11,1,0.0078125,1,1.0E-5,16,505,0,0,0,0.0,0
11,1,0.0078125,1,1.0E-5,32,506,1,0,0,0.0,0
11,1,0.0078125,1,1.0E-5,64,505,1,0,0,0.0,0
11,1,0.015625,0,0.01,0,508,0,0,0,0.0,0
11,1,0.015625,0,0.005,0,516,0,0,0,0.0,0
11,1,0.015625,0,0.001,0,513,0,0,0,0.0,0
11,1,0.015625,0,5.0E-4,0,510,0,0,0,0.0,0
11,1,0.015625,0,1.0E-4,0,502,0,0,0,0.0,0
11,1,0.015625,0,5.0E-5,0,501,0,0,0,0.0,0
11,1,0.015625,0,1.0E-5,0,506,0,0,0,0.0,0
11,1,0.015625,1,0.01,0,503,1,0,0,0.0,0
11,1,0.015625,1,0.01,4,503,0,0,0,0.0,0
11,1,0.015625,1,0.01,8,518,0,0,0,0.0,0
11,1,0.015625,1,0.01,16,504,0,0,0,0.0,0
11,1,0.015625,1,0.01,32,518,0,0,0,0.0,0
11,1,0.015625,1,0.01,64,506,0,0,0,0.0,0
11,1,0.015625,1,0.005,0,501,0,0,0,0.0,0
11,1,0.015625,1,0.005,4,504,1,0,0,0.0,0
11,1,0.015625,1,0.005,8,505,0,0,0,0.0,0
11,1,0.015625,1,0.005,16,511,1,0,0,0.0,0
11,1,0.015625,1,0.005,32,510,0,0,0,0.0,0
11,1,0.015625,1,0.005,64,509,1,0,0,0.0,0
11,1,0.015625,1,0.001,0,502,0,0,0,0.0,0
11,1,0.015625,1,0.001,4,506,0,0,0,0.0,0
11,1,0.015625,1,0.001,8,502,0,0,0,0.0,0
11,1,0.015625,1,0.001,16,502,0,0,0,0.0,0
11,1,0.015625,1,0.001,32,503,1,0,0,0.0,0
11,1,0.015625,1,0.001,64,512,1,0,0,0.0,0
11,1,0.015625,1,5.0E-4,0,503,0,0,0,0.0,0
11,1,0.015625,1,5.0E-4,4,509,0,0,0,0.0,0
11,1,0.015625,1,5.0E-4,8,515,0,0,0,0.0,0
11,1,0.015625,1,5.0E-4,16,513,0,0,0,0.0,0
11,1,0.015625,1,5.0E-4,32,513,0,0,0,0.0,0
11,1,0.015625,1,5.0E-4,64,510,0,0,0,0.0,0
11,1,0.015625,1,1.0E-4,0,505,0,0,0,0.0,0
11,1,0.015625,1,1.0E-4,4,507,1,0,0,0.0,0
11,1,0.015625,1,1.0E-4,8,514,1,0,0,0.0,0
11,1,0.015625,1,1.0E-4,16,512,0,0,0,0.0,0
11,1,0.015625,1,1.0E-4,32,513,1,0,0,0.0,0
11,1,0.015625,1,1.0E-4,64,504,1,0,0,0.0,0
11,1,0.015625,1,5.0E-5,0,504,0,0,0,0.0,0
11,1,0.015625,1,5.0E-5,4,503,0,0,0,0.0,0
11,1,0.015625,1,5.0E-5,8,508,1,0,0,0.0,0
11,1,0.015625,1,5.0E-5,16,501,1,0,0,0.0,0
11,1,0.015625,1,5.0E-5,32,509,0,0,0,0.0,0
11,1,0.015625,1,5.0E-5,64,504,0,0,0,0.0,1
11,1,0.015625,1,1.0E-5,0,505,0,0,0,0.0,0
11,1,0.015625,1,1.0E-5,4,503,1,0,0,0.0,0
11,1,0.015625,1,1.0E-5,8,505,1,0,0,0.0,0
11,1,0.015625,1,1.0E-5,16,510,1,0,0,0.0,0
11,1,0.015625,1,1.0E-5,32,504,0,0,0,0.0,0
11,1,0.015625,1,1.0E-5,64,511,0,0,0,0.0,0
11,1,0.03125,0,0.01,0,507,0,0,0,0.0,1
11,1,0.03125,0,0.005,0,504,0,0,0,0.0,0
11,1,0.03125,0,0.001,0,511,0,0,0,0.0,0
11,1,0.03125,0,5.0E-4,0,502,0,0,0,0.0,0
11,1,0.03125,0,1.0E-4,0,510,0,0,0,0.0,0
11,1,0.03125,0,5.0E-5,0,508,0,0,0,0.0,0
11,1,0.03125,0,1.0E-5,0,514,0,0,0,0.0,1
11,1,0.03125,1,0.01,0,511,1,0,0,0.0,0
11,1,0.03125,1,0.01,4,508,1,0,0,0.0,0
11,1,0.03125,1,0.01,8,510,1,0,0,0.0,0
11,1,0.03125,1,0.01,16,513,1,0,0,0.0,0
11,1,0.03125,1,0.01,32,516,0,0,0,0.0,1
11,1,0.03125,1,0.01,64,517,1,0,0,0.0,0
11,1,0.03125,1,0.005,0,510,1,0,0,0.0,0
11,1,0.03125,1,0.005,4,514,1,0,0,0.0,0
11,1,0.03125,1,0.005,8,505,1,0,0,0.0,1
11,1,0.03125,1,0.005,16,506,1,0,0,0.0,0
11,1,0.03125,1,0.005,32,510,1,0,0,0.0,1
11,1,0.03125,1,0.005,64,511,1,0,0,0.0,0
11,1,0.03125,1,0.001,0,508,1,0,0,0.0,0
11,1,0.03125,1,0.001,4,510,1,0,0,0.0,0
11,1,0.03125,1,0.001,8,510,1,0,0,0.0,0
11,1,0.03125,1,0.001,16,508,1,0,0,0.0,1
11,1,0.03125,1,0.001,32,511,1,0,0,0.0,0
11,1,0.03125,1,0.001,64,508,1,0,0,0.0,0
11,1,0.03125,1,5.0E-4,0,510,1,0,0,0.0,1
11,1,0.03125,1,5.0E-4,4,509,1,0,0,0.0,0
11,1,0.03125,1,5.0E-4,8,508,1,0,0,0.0,1
11,1,0.03125,1,5.0E-4,16,506,1,0,0,0.0,0
11,1,0.03125,1,5.0E-4,32,509,1,0,0,0.0,0
11,1,0.03125,1,5.0E-4,64,509,1,0,0,0.0,0
11,1,0.03125,1,1.0E-4,0,512,0,0,0,0.0,1
11,1,0.03125,1,1.0E-4,4,509,1,0,0,0.0,0
11,1,0.03125,1,1.0E-4,8,505,1,0,0,0.0,1
11,1,0.03125,1,1.0E-4,16,508,1,0,0,0.0,0
11,1,0.03125,1,1.0E-4,32,508,1,0,0,0.0,0
11,1,0.03125,1,1.0E-4,64,511,1,0,0,0.0,0
11,1,0.03125,1,5.0E-5,0,503,1,0,0,0.0,0
11,1,0.03125,1,5.0E-5,4,503,1,0,0,0.0,0
11,1,0.03125,1,5.0E-5,8,506,1,0,0,0.0,0
11,1,0.03125,1,5.0E-5,16,504,1,0,0,0.0,0
11,1,0.03125,1,5.0E-5,32,508,1,0,0,0.0,0
11,1,0.03125,1,5.0E-5,64,509,1,0,0,0.0,0
11,1,0.03125,1,1.0E-5,0,514,1,0,0,0.0,0
11,1,0.03125,1,1.0E-5,4,514,1,0,0,0.0,0
11,1,0.03125,1,1.0E-5,8,510,1,0,0,0.0,0
11,1,0.03125,1,1.0E-5,16,504,1,0,0,0.0,0
11,1,0.03125,1,1.0E-5,32,514,1,0,0,0.0,0
11,1,0.03125,1,1.0E-5,64,512,1,0,0,0.0,1
11,1,0.0625,0,0.01,0,513,0,0,0,0.037953795379537955,1
11,1,0.0625,0,0.005,0,514,0,0,0,0.013201320132013201,1
11,1,0.0625,0,0.001,0,512,0,0,0,0.0,1
11,1,0.0625,0,5.0E-4,0,509,0,0,0,0.0,1
11,1,0.0625,0,1.0E-4,0,504,0,0,0,0.0,1
11,1,0.0625,0,5.0E-5,0,509,0,0,0,0.0,1
11,1,0.0625,0,1.0E-5,0,513,0,0,0,0.0,1
11,1,0.0625,1,0.01,0,514,3,1,0,0.07425742574257425,1
11,1,0.0625,1,0.01,4,519,5,0,0,0.3333333333333333,2
11,1,0.0625,1,0.01,8,514,7,0,0,0.47029702970297027,5
11,1,0.0625,1,0.01,16,511,17,0,0,0.7821782178217822,16
11,1,0.0625,1,0.01,32,508,50,1,0,1.0,86
11,1,0.0625,1,0.01,64,507,185,0,0,1.0,366
11,1,0.0625,1,0.005,0,509,3,0,0,0.04785478547854786,1
11,1,0.0625,1,0.005,4,512,3,0,0,0.25412541254125415,2
11,1,0.0625,1,0.005,8,512,5,0,0,0.37458745874587457,4
11,1,0.0625,1,0.005,16,513,11,0,0,0.7293729372937293,11
11,1,0.0625,1,0.005,32,517,36,0,0,1.0,60
11,1,0.0625,1,0.005,64,515,130,0,1,1.0,253
11,1,0.0625,1,0.001,0,513,3,0,0,0.0,1
11,1,0.0625,1,0.001,4,512,2,0,0,0.0,1
11,1,0.0625,1,0.001,8,513,2,0,0,0.0,1
11,1,0.0625,1,0.001,16,503,3,0,0,0.0,0
11,1,0.0625,1,0.001,32,515,2,0,0,0.0,1
11,1,0.0625,1,0.001,64,513,2,0,0,0.0,1
11,1,0.0625,1,5.0E-4,0,504,2,0,0,0.0,1
11,1,0.0625,1,5.0E-4,4,506,2,0,0,0.0,1
11,1,0.0625,1,5.0E-4,8,512,2,0,0,0.0,1
11,1,0.0625,1,5.0E-4,16,503,2,0,0,0.0,1
11,1,0.0625,1,5.0E-4,32,513,2,0,0,0.0,1
11,1,0.0625,1,5.0E-4,64,510,2,0,0,0.0,1
11,1,0.0625,1,1.0E-4,0,508,3,0,0,0.0,1
11,1,0.0625,1,1.0E-4,4,510,2,0,0,0.0,1
11,1,0.0625,1,1.0E-4,8,507,3,0,0,0.0,0
11,1,0.0625,1,1.0E-4,16,509,3,0,0,0.0,1
11,1,0.0625,1,1.0E-4,32,510,2,0,0,0.0,1
11,1,0.0625,1,1.0E-4,64,508,3,0,0,0.0,0
11,1,0.0625,1,5.0E-5,0,510,2,0,0,0.0,1
11,1,0.0625,1,5.0E-5,4,512,2,0,0,0.0,1
11,1,0.0625,1,5.0E-5,8,512,2,0,0,0.0,1
11,1,0.0625,1,5.0E-5,16,513,2,0,0,0.0,1
11,1,0.0625,1,5.0E-5,32,510,3,0,0,0.0,1
11,1,0.0625,1,5.0E-5,64,514,2,0,0,0.0,1
11,1,0.0625,1,1.0E-5,0,504,3,0,0,0.0,1
11,1,0.0625,1,1.0E-5,4,509,2,0,0,0.0,1
11,1,0.0625,1,1.0E-5,8,504,2,0,0,0.0,1
11,1,0.0625,1,1.0E-5,16,510,3,0,0,0.0,1
11,1,0.0625,1,1.0E-5,32,510,3,0,0,0.0,1
11,1,0.0625,1,1.0E-5,64,514,2,0,0,0.0,1
11,1,0.125,0,0.01,0,510,0,0,0,0.031192660550458717,2
11,1,0.125,0,0.005,0,518,0,0,0,0.011009174311926606,2
11,1,0.125,0,0.001,0,513,0,0,0,0.0,2
11,1,0.125,0,5.0E-4,0,512,0,0,0,0.0,2
11,1,0.125,0,1.0E-4,0,513,0,0,0,0.0,3
11,1,0.125,0,5.0E-5,0,514,0,0,0,0.0,2
11,1,0.125,0,1.0E-5,0,514,0,0,0,0.0,2
11,1,0.125,1,0.01,0,512,6,0,0,0.05504587155963303,2
11,1,0.125,1,0.01,4,503,7,0,0,0.25382262996941896,4
11,1,0.125,1,0.01,8,508,11,0,0,0.5467889908256881,7
11,1,0.125,1,0.01,16,506,22,1,0,0.7058103975535168,21
11,1,0.125,1,0.01,32,513,71,1,0,0.9247706422018349,150
11,1,0.125,1,0.01,64,506,258,0,0,1.0,457
11,1,0.125,1,0.005,0,524,6,1,0,0.029357798165137616,2
11,1,0.125,1,0.005,4,526,6,0,0,0.14678899082568808,3
11,1,0.125,1,0.005,8,518,7,0,0,0.22201834862385322,5
11,1,0.125,1,0.005,16,506,13,0,0,0.41957186544342506,12
11,1,0.125,1,0.005,32,508,39,0,0,0.7987767584097859,84
11,1,0.125,1,0.005,64,507,140,0,0,1.0,245
11,1,0.125,1,0.001,0,507,4,0,0,0.0,2
11,1,0.125,1,0.001,4,504,4,0,0,0.0,2
11,1,0.125,1,0.001,8,505,5,0,0,0.0,2
11,1,0.125,1,0.001,16,506,4,0,0,0.0,2
11,1,0.125,1,0.001,32,506,5,0,0,0.0,2
11,1,0.125,1,0.001,64,506,4,0,0,0.0,2
11,1,0.125,1,5.0E-4,0,505,5,0,0,0.0,2
11,1,0.125,1,5.0E-4,4,504,4,0,0,0.0,2
11,1,0.125,1,5.0E-4,8,507,5,0,0,0.0,2
11,1,0.125,1,5.0E-4,16,512,5,0,0,0.0,2
11,1,0.125,1,5.0E-4,32,517,5,0,0,0.0,2
11,1,0.125,1,5.0E-4,64,516,4,0,0,0.0,2
11,1,0.125,1,1.0E-4,0,505,4,0,0,0.0,2
11,1,0.125,1,1.0E-4,4,503,4,0,0,0.0,2
11,1,0.125,1,1.0E-4,8,504,5,0,0,0.0,2
11,1,0.125,1,1.0E-4,16,511,4,0,0,0.0,2
11,1,0.125,1,1.0E-4,32,507,5,0,0,0.0,2
11,1,0.125,1,1.0E-4,64,504,4,0,0,0.0,2
11,1,0.125,1,5.0E-5,0,509,5,0,0,0.0,2
11,1,0.125,1,5.0E-5,4,510,5,0,0,0.0,2
11,1,0.125,1,5.0E-5,8,502,4,0,0,0.0,2
11,1,0.125,1,5.0E-5,16,508,4,0,0,0.0,2
11,1,0.125,1,5.0E-5,32,503,5,0,0,0.0,2
11,1,0.125,1,5.0E-5,64,510,4,0,0,0.0,2
11,1,0.125,1,1.0E-5,0,506,5,0,0,0.0,2
11,1,0.125,1,1.0E-5,4,506,5,0,0,0.0,2
11,1,0.125,1,1.0E-5,8,511,5,0,0,0.0,2
11,1,0.125,1,1.0E-5,16,510,4,0,0,0.0,2
11,1,0.125,1,1.0E-5,32,511,4,0,0,0.0,2
11,1,0.125,1,1.0E-5,64,509,4,0,0,0.0,2
11,1,0.25,0,0.01,0,524,0,0,0,0.03822984244670992,6
11,1,0.25,0,0.005,0,519,1,0,0,0.0025486561631139944,5
11,1,0.25,0,0.001,0,520,0,0,0,0.0,6
11,1,0.25,0,5.0E-4,0,518,0,0,0,0.0,6
11,1,0.25,0,1.0E-4,0,525,0,0,0,0.0,5
11,1,0.25,0,5.0E-5,0,521,1,0,0,0.0,5
11,1,0.25,0,1.0E-5,0,518,0,0,0,0.0,6
11,1,0.25,1,0.01,0,519,16,0,1,0.05537534754402224,7
11,1,0.25,1,0.01,4,521,19,1,1,0.239805375347544,10
11,1,0.25,1,0.01,8,517,29,1,0,0.33225208526413347,21
11,1,0.25,1,0.01,16,511,65,0,1,0.48123262279888784,66
11,1,0.25,1,0.01,32,513,213,0,1,0.6788693234476367,481
11,1,0.25,1,0.01,64,531,759,0,1,0.9499536607970342,1754
11,1,0.25,1,0.005,0,519,14,1,0,0.018767377201112143,6
11,1,0.25,1,0.005,4,513,16,0,0,0.09870250231696015,9
11,1,0.25,1,0.005,8,510,21,0,1,0.15430954587581094,14
11,1,0.25,1,0.005,16,517,40,0,0,0.278498609823911,38
11,1,0.25,1,0.005,32,518,116,0,1,0.5500463392029658,264
11,1,0.25,1,0.005,64,512,415,1,0,0.8964318813716404,1064
11,1,0.25,1,0.001,0,530,13,0,0,0.0,6
11,1,0.25,1,0.001,4,526,12,0,0,0.0,6
11,1,0.25,1,0.001,8,511,12,0,0,0.0,6
11,1,0.25,1,0.001,16,512,12,0,0,0.0,6
11,1,0.25,1,0.001,32,512,12,0,0,0.0,6
11,1,0.25,1,0.001,64,513,14,0,0,0.0,6
11,1,0.25,1,5.0E-4,0,513,12,0,0,0.0,6
11,1,0.25,1,5.0E-4,4,516,13,0,0,0.0,6
11,1,0.25,1,5.0E-4,8,517,13,0,0,0.0,5
11,1,0.25,1,5.0E-4,16,519,12,0,0,0.0,6
11,1,0.25,1,5.0E-4,32,522,12,0,0,0.0,6
11,1,0.25,1,5.0E-4,64,516,13,0,0,0.0,5
11,1,0.25,1,1.0E-4,0,518,12,0,0,0.0,6
11,1,0.25,1,1.0E-4,4,519,13,0,0,0.0,5
11,1,0.25,1,1.0E-4,8,512,12,0,0,0.0,6
11,1,0.25,1,1.0E-4,16,517,13,0,0,0.0,5
11,1,0.25,1,1.0E-4,32,514,12,0,0,0.0,6
11,1,0.25,1,1.0E-4,64,519,11,0,0,0.0,6
11,1,0.25,1,5.0E-5,0,515,12,0,0,0.0,6
11,1,0.25,1,5.0E-5,4,513,12,0,0,0.0,6
11,1,0.25,1,5.0E-5,8,511,12,0,0,0.0,6
11,1,0.25,1,5.0E-5,16,512,12,0,0,0.0,6
11,1,0.25,1,5.0E-5,32,511,12,0,0,0.0,6
11,1,0.25,1,5.0E-5,64,514,12,0,0,0.0,6
11,1,0.25,1,1.0E-5,0,520,12,0,0,0.0,5
11,1,0.25,1,1.0E-5,4,515,12,0,0,0.0,6
11,1,0.25,1,1.0E-5,8,517,12,0,0,0.0,6
11,1,0.25,1,1.0E-5,16,517,13,0,0,0.0,5
11,1,0.25,1,1.0E-5,32,511,12,0,0,0.0,6
11,1,0.25,1,1.0E-5,64,516,13,0,0,0.0,6
11,1,0.5,0,0.01,0,596,0,0,0,0.06586730615507594,49
11,1,0.5,0,0.005,0,587,0,0,1,0.037250199840127896,49
11,1,0.5,0,0.001,0,587,0,0,0,0.015134559019451106,48
11,1,0.5,0,5.0E-4,0,596,0,1,0,0.010977884359179324,47
11,1,0.5,0,1.0E-4,0,597,1,0,0,9.592326139088729E-4,47
11,1,0.5,0,5.0E-5,0,591,0,0,0,0.0,48
11,1,0.5,0,1.0E-5,0,588,0,0,0,0.0,49
11,1,0.5,1,0.01,0,595,144,7,10,0.2375699440447642,60
11,1,0.5,1,0.01,4,593,200,6,9,0.6121502797761791,100
11,1,0.5,1,0.01,8,591,331,6,7,0.7438316013855583,211
11,1,0.5,1,0.01,16,609,812,6,6,0.8788169464428457,692
11,1,0.5,1,0.01,32,594,2425,6,6,0.9673860911270983,3929
11,1,0.5,1,0.01,64,600,8973,6,6,0.9989341859845456,15376
11,1,0.5,1,0.005,0,593,124,4,5,0.1356248334665601,51
11,1,0.5,1,0.005,4,589,157,4,4,0.44838795630162537,81
11,1,0.5,1,0.005,8,588,241,4,4,0.569517719158007,155
11,1,0.5,1,0.005,16,587,540,4,5,0.7132427391420197,466
11,1,0.5,1,0.005,32,599,1657,4,5,0.8948574473754329,2761
11,1,0.5,1,0.005,64,609,6012,3,5,0.974367172928324,10660
11,1,0.5,1,0.001,0,601,106,1,1,0.027871036504130028,50
11,1,0.5,1,0.001,4,598,119,1,2,0.10519584332533972,66
11,1,0.5,1,0.001,8,611,142,1,2,0.14468425259792167,78
11,1,0.5,1,0.001,16,593,237,1,2,0.21849187316813215,173
11,1,0.5,1,0.001,32,602,596,1,1,0.401119104716227,1121
11,1,0.5,1,0.001,64,604,1975,1,1,0.7419664268585132,4049
11,1,0.5,1,5.0E-4,0,597,105,1,1,0.011937116973088196,48
11,1,0.5,1,5.0E-4,4,595,110,1,0,0.05654143351985079,53
11,1,0.5,1,5.0E-4,8,597,124,0,1,0.08425259792166268,65
11,1,0.5,1,5.0E-4,16,593,171,1,1,0.14388489208633093,120
11,1,0.5,1,5.0E-4,32,591,367,0,1,0.26171063149480417,632
11,1,0.5,1,5.0E-4,64,609,1168,0,1,0.5471889155342393,2389
11,1,0.5,1,1.0E-4,0,613,103,0,0,0.0011191047162270183,49
11,1,0.5,1,1.0E-4,4,601,104,0,0,0.0112443378630429,49
11,1,0.5,1,1.0E-4,8,589,116,1,0,0.017852384758859578,54
11,1,0.5,1,1.0E-4,16,608,119,0,0,0.030802025046629364,61
11,1,0.5,1,1.0E-4,32,607,157,1,0,0.055742073008260055,139
11,1,0.5,1,1.0E-4,64,602,297,0,0,0.11207034372501998,473
11,1,0.5,1,5.0E-5,0,587,102,0,0,0.0,48
11,1,0.5,1,5.0E-5,4,589,102,0,0,0.0,48
11,1,0.5,1,5.0E-5,8,591,109,0,0,0.0,48
11,1,0.5,1,5.0E-5,16,593,101,0,0,0.0,48
11,1,0.5,1,5.0E-5,32,596,101,0,0,0.0,48
11,1,0.5,1,5.0E-5,64,588,100,0,0,0.0,48
11,1,0.5,1,1.0E-5,0,591,101,0,0,0.0,49
11,1,0.5,1,1.0E-5,4,594,101,0,0,0.0,48
11,1,0.5,1,1.0E-5,8,594,101,0,0,0.0,48
11,1,0.5,1,1.0E-5,16,599,102,0,0,0.0,48
11,1,0.5,1,1.0E-5,32,591,101,0,0,0.0,48
11,1,0.5,1,1.0E-5,64,588,102,0,0,0.0,48
11,2,0.0078125,0,0.01,0,518,0,0,0,0.0,0
11,2,0.0078125,0,0.005,0,514,0,0,0,0.0,0
11,2,0.0078125,0,0.001,0,517,0,0,0,0.0,0
11,2,0.0078125,0,5.0E-4,0,518,0,0,0,0.0,0
11,2,0.0078125,0,1.0E-4,0,513,0,0,0,0.0,0
11,2,0.0078125,0,5.0E-5,0,527,0,0,0,0.0,0
11,2,0.0078125,0,1.0E-5,0,520,0,0,0,0.0,0
11,2,0.0078125,1,0.01,0,521,1,0,0,0.0,0
11,2,0.0078125,1,0.01,4,519,1,0,0,0.0,0
11,2,0.0078125,1,0.01,8,522,1,0,0,0.0,0
11,2,0.0078125,1,0.01,16,524,0,0,0,0.0,0
11,2,0.0078125,1,0.01,32,521,1,0,0,0.0,0
11,2,0.0078125,1,0.01,64,525,0,0,0,0.0,0
11,2,0.0078125,1,0.005,0,524,1,0,0,0.0,0
11,2,0.0078125,1,0.005,4,524,0,0,0,0.0,0
11,2,0.0078125,1,0.005,8,520,0,0,0,0.0,0
11,2,0.0078125,1,0.005,16,516,1,0,0,0.0,0
11,2,0.0078125,1,0.005,32,521,0,0,0,0.0,0
11,2,0.0078125,1,0.005,64,526,0,0,0,0.0,0
11,2,0.0078125,1,0.001,0,518,1,0,0,0.0,0
11,2,0.0078125,1,0.001,4,530,0,0,0,0.0,0
11,2,0.0078125,1,0.001,8,529,1,0,0,0.0,0
11,2,0.0078125,1,0.001,16,523,1,0,0,0.0,0
11,2,0.0078125,1,0.001,32,520,0,0,0,0.0,0
11,2,0.0078125,1,0.001,64,521,0,0,0,0.0,0
11,2,0.0078125,1,5.0E-4,0,517,1,0,0,0.0,0
11,2,0.0078125,1,5.0E-4,4,521,0,0,0,0.0,0
11,2,0.0078125,1,5.0E-4,8,523,0,0,0,0.0,0
11,2,0.0078125,1,5.0E-4,16,517,0,0,0,0.0,0
11,2,0.0078125,1,5.0E-4,32,509,1,0,0,0.0,0
11,2,0.0078125,1,5.0E-4,64,512,1,0,0,0.0,0
11,2,0.0078125,1,1.0E-4,0,511,0,0,0,0.0,0
11,2,0.0078125,1,1.0E-4,4,510,1,0,0,0.0,0
11,2,0.0078125,1,1.0E-4,8,514,1,0,0,0.0,0
11,2,0.0078125,1,1.0E-4,16,518,0,0,0,0.0,0
11,2,0.0078125,1,1.0E-4,32,523,0,0,0,0.0,0
11,2,0.0078125,1,1.0E-4,64,517,1,0,0,0.0,0
11,2,0.0078125,1,5.0E-5,0,525,1,0,0,0.0,0
11,2,0.0078125,1,5.0E-5,4,533,0,0,0,0.0,0
11,2,0.0078125,1,5.0E-5,8,545,0,0,0,0.0,0
11,2,0.0078125,1,5.0E-5,16,529,0,0,0,0.0,0
11,2,0.0078125,1,5.0E-5,32,527,0,0,0,0.0,0
11,2,0.0078125,1,5.0E-5,64,527,1,0,0,0.0,0
11,2,0.0078125,1,1.0E-5,0,547,0,0,0,0.0,0
11,2,0.0078125,1,1.0E-5,4,520,0,0,0,0.0,0
11,2,0.0078125,1,1.0E-5,8,522,1,0,0,0.0,0
11,2,0.0078125,1,1.0E-5,16,634,1,0,0,0.0,0
11,2,0.0078125,1,1.0E-5,32,528,0,0,0,0.0,0
11,2,0.0078125,1,1.0E-5,64,523,1,0,0,0.0,0
11,2,0.015625,0,0.01,0,527,0,0,0,0.20481927710843373,1
11,2,0.015625,0,0.005,0,525,0,0,0,0.03614457831325301,1
11,2,0.015625,0,0.001,0,524,0,0,0,0.012048192771084338,1
11,2,0.015625,0,5.0E-4,0,525,0,0,0,0.0,0
11,2,0.015625,0,1.0E-4,0,522,0,0,0,0.0,1
11,2,0.015625,0,5.0E-5,0,528,0,0,0,0.0,1
11,2,0.015625,0,1.0E-5,0,522,0,0,0,0.0,0
11,2,0.015625,1,0.01,0,521,2,0,0,0.5421686746987951,1
11,2,0.015625,1,0.01,4,528,2,0,0,0.9518072289156626,1
11,2,0.015625,1,0.01,8,522,3,0,0,1.0,2
11,2,0.015625,1,0.01,16,533,6,0,0,1.0,6
11,2,0.015625,1,0.01,32,528,17,1,0,1.0,24
11,2,0.015625,1,0.01,64,525,56,0,0,1.0,103
11,2,0.015625,1,0.005,0,537,3,0,0,0.42168674698795183,0
11,2,0.015625,1,0.005,4,537,3,0,0,0.9518072289156626,1
11,2,0.015625,1,0.005,8,553,2,0,0,1.0,2
11,2,0.015625,1,0.005,16,546,4,0,0,1.0,4
11,2,0.015625,1,0.005,32,526,12,0,0,1.0,17
11,2,0.015625,1,0.005,64,526,39,0,0,1.0,70
11,2,0.015625,1,0.001,0,528,2,0,0,0.08433734939759036,0
11,2,0.015625,1,0.001,4,521,2,0,0,0.3253012048192771,1
11,2,0.015625,1,0.001,8,523,2,0,0,0.5662650602409639,1
11,2,0.015625,1,0.001,16,523,2,0,0,1.0,1
11,2,0.015625,1,0.001,32,516,3,0,0,1.0,4
11,2,0.015625,1,0.001,64,521,9,0,0,1.0,14
11,2,0.015625,1,5.0E-4,0,515,1,0,0,0.0,1
11,2,0.015625,1,5.0E-4,4,524,2,0,0,0.0,0
11,2,0.015625,1,5.0E-4,8,515,2,0,0,0.0,0
11,2,0.015625,1,5.0E-4,16,516,1,0,0,0.0,1
11,2,0.015625,1,5.0E-4,32,516,2,0,0,0.0,0
11,2,0.015625,1,5.0E-4,64,521,2,0,0,0.0,0
11,2,0.015625,1,1.0E-4,0,523,2,0,0,0.0,0
11,2,0.015625,1,1.0E-4,4,526,1,0,0,0.0,1
11,2,0.015625,1,1.0E-4,8,523,2,0,0,0.0,0
11,2,0.015625,1,1.0E-4,16,527,2,0,0,0.0,0
11,2,0.015625,1,1.0E-4,32,519,2,0,0,0.0,0
11,2,0.015625,1,1.0E-4,64,524,2,0,0,0.0,0
11,2,0.015625,1,5.0E-5,0,523,2,0,0,0.0,0
11,2,0.015625,1,5.0E-5,4,514,2,0,0,0.0,1
11,2,0.015625,1,5.0E-5,8,515,1,0,0,0.0,1
11,2,0.015625,1,5.0E-5,16,523,2,0,0,0.0,0
11,2,0.015625,1,5.0E-5,32,524,2,0,0,0.0,0
11,2,0.015625,1,5.0E-5,64,524,1,0,0,0.0,0
11,2,0.015625,1,1.0E-5,0,524,1,0,0,0.0,1
11,2,0.015625,1,1.0E-5,4,524,2,0,0,0.0,0
11,2,0.015625,1,1.0E-5,8,522,2,0,0,0.0,0
11,2,0.015625,1,1.0E-5,16,523,1,0,0,0.0,1
11,2,0.015625,1,1.0E-5,32,527,2,0,0,0.0,0
11,2,0.015625,1,1.0E-5,64,527,1,0,0,0.0,0
11,2,0.03125,0,0.01,0,536,0,0,0,0.3007518796992481,13
11,2,0.03125,0,0.005,0,539,0,0,0,0.20050125313283207,13
11,2,0.03125,0,0.001,0,531,1,0,0,0.09774436090225563,13
11,2,0.03125,0,5.0E-4,0,529,0,0,0,0.07017543859649122,13
11,2,0.03125,0,1.0E-4,0,534,0,0,0,0.002506265664160401,13
11,2,0.03125,0,5.0E-5,0,527,0,0,0,0.0,14
11,2,0.03125,0,1.0E-5,0,526,0,0,0,0.0,13
11,2,0.03125,1,0.01,0,527,32,1,1,0.7694235588972431,14
11,2,0.03125,1,0.01,4,542,39,0,1,0.9974937343358395,20
11,2,0.03125,1,0.01,8,533,51,1,1,1.0,31
11,2,0.03125,1,0.01,16,532,97,1,1,1.0,75
11,2,0.03125,1,0.01,32,540,259,1,1,1.0,295
11,2,0.03125,1,0.01,64,535,833,1,1,1.0,1023
11,2,0.03125,1,0.005,0,552,33,0,1,0.6516290726817042,14
11,2,0.03125,1,0.005,4,546,36,0,1,0.9974937343358395,17
11,2,0.03125,1,0.005,8,534,48,1,0,1.0,25
11,2,0.03125,1,0.005,16,535,73,0,1,1.0,56
11,2,0.03125,1,0.005,32,537,181,1,0,1.0,200
11,2,0.03125,1,0.005,64,530,587,1,0,1.0,741
11,2,0.03125,1,0.001,0,550,33,0,1,0.3609022556390977,14
11,2,0.03125,1,0.001,4,544,33,1,0,0.9799498746867168,16
11,2,0.03125,1,0.001,8,530,34,0,0,1.0,17
11,2,0.03125,1,0.001,16,533,47,0,0,1.0,31
11,2,0.03125,1,0.001,32,527,95,0,0,1.0,95
11,2,0.03125,1,0.001,64,534,272,1,0,1.0,348
11,2,0.03125,1,5.0E-4,0,531,28,0,0,0.21052631578947367,14
11,2,0.03125,1,5.0E-4,4,535,29,0,0,0.9448621553884712,14
11,2,0.03125,1,5.0E-4,8,530,31,0,0,1.0,16
11,2,0.03125,1,5.0E-4,16,536,40,0,1,1.0,24
11,2,0.03125,1,5.0E-4,32,537,69,0,1,1.0,68
11,2,0.03125,1,5.0E-4,64,551,188,1,0,1.0,231
11,2,0.03125,1,1.0E-4,0,555,30,0,0,0.040100250626566414,13
11,2,0.03125,1,1.0E-4,4,556,28,0,0,0.2781954887218045,14
11,2,0.03125,1,1.0E-4,8,535,29,0,0,0.531328320802005,13
11,2,0.03125,1,1.0E-4,16,529,30,0,0,0.8696741854636592,15
11,2,0.03125,1,1.0E-4,32,527,36,0,0,1.0,24
11,2,0.03125,1,1.0E-4,64,534,59,0,0,1.0,58
11,2,0.03125,1,5.0E-5,0,533,27,0,0,0.0,13
11,2,0.03125,1,5.0E-5,4,540,28,0,0,0.0,13
11,2,0.03125,1,5.0E-5,8,539,29,0,0,0.0,13
11,2,0.03125,1,5.0E-5,16,537,26,0,0,0.0,14
11,2,0.03125,1,5.0E-5,32,538,27,0,0,0.0,13
11,2,0.03125,1,5.0E-5,64,531,27,0,0,0.0,13
11,2,0.03125,1,1.0E-5,0,525,28,0,0,0.0,13
11,2,0.03125,1,1.0E-5,4,527,27,0,0,0.0,13
11,2,0.03125,1,1.0E-5,8,531,27,0,0,0.0,13
11,2,0.03125,1,1.0E-5,16,534,27,0,0,0.0,13
11,2,0.03125,1,1.0E-5,32,542,27,0,0,0.0,13
11,2,0.03125,1,1.0E-5,64,546,28,0,0,0.0,14
11,2,0.0625,0,0.01,0,567,1,1,1,0.40869140625,80
11,2,0.0625,0,0.005,0,560,0,1,0,0.27734375,87
11,2,0.0625,0,0.001,0,553,0,0,0,0.10693359375,81
11,2,0.0625,0,5.0E-4,0,557,1,0,0,0.08740234375,80
11,2,0.0625,0,1.0E-4,0,561,0,0,0,0.0341796875,80
11,2,0.0625,0,5.0E-5,0,556,1,0,0,0.00634765625,80
11,2,0.0625,0,1.0E-5,0,576,0,0,0,0.0,83
11,2,0.0625,1,0.01,0,588,251,7,11,0.71728515625,89
11,2,0.0625,1,0.01,4,563,347,8,11,0.99853515625,134
11,2,0.0625,1,0.01,8,555,550,8,8,1.0,259
11,2,0.0625,1,0.01,16,590,1234,7,7,1.0,727
11,2,0.0625,1,0.01,32,552,3011,6,7,1.0,3026
11,2,0.0625,1,0.01,64,557,9531,5,6,1.0,11033
11,2,0.0625,1,0.005,0,562,224,5,5,0.59033203125,86
11,2,0.0625,1,0.005,4,557,278,5,5,0.998046875,116
11,2,0.0625,1,0.005,8,559,416,4,5,1.0,199
11,2,0.0625,1,0.005,16,573,859,5,5,1.0,540
11,2,0.0625,1,0.005,32,561,2136,5,4,1.0,2219
11,2,0.0625,1,0.005,64,558,6835,4,5,1.0,8213
11,2,0.0625,1,0.001,0,568,203,2,2,0.2763671875,82
11,2,0.0625,1,0.001,4,554,220,2,2,0.96337890625,93
11,2,0.0625,1,0.001,8,555,264,2,2,1.0,121
11,2,0.0625,1,0.001,16,552,414,2,3,1.0,255
11,2,0.0625,1,0.001,32,552,993,2,2,1.0,999
11,2,0.0625,1,0.001,64,568,3046,2,2,1.0,3676
11,2,0.0625,1,5.0E-4,0,570,213,1,2,0.189453125,83
11,2,0.0625,1,5.0E-4,4,574,211,2,1,0.87744140625,88
11,2,0.0625,1,5.0E-4,8,573,246,1,1,0.98486328125,123
11,2,0.0625,1,5.0E-4,16,552,330,1,2,1.0,193
11,2,0.0625,1,5.0E-4,32,552,715,1,2,1.0,688
11,2,0.0625,1,5.0E-4,64,572,2061,2,1,1.0,2502
11,2,0.0625,1,1.0E-4,0,567,192,0,1,0.06201171875,79
11,2,0.0625,1,1.0E-4,4,562,194,0,1,0.66650390625,83
11,2,0.0625,1,1.0E-4,8,557,205,1,0,0.83935546875,87
11,2,0.0625,1,1.0E-4,16,553,229,0,1,1.0,127
11,2,0.0625,1,1.0E-4,32,556,350,0,0,1.0,268
11,2,0.0625,1,1.0E-4,64,558,843,1,0,1.0,931
11,2,0.0625,1,5.0E-5,0,563,202,0,0,0.0166015625,81
11,2,0.0625,1,5.0E-5,4,567,193,0,0,0.25830078125,82
11,2,0.0625,1,5.0E-5,8,560,194,1,0,0.4326171875,84
11,2,0.0625,1,5.0E-5,16,562,209,0,0,0.6337890625,97
11,2,0.0625,1,5.0E-5,32,549,267,0,0,0.9375,177
11,2,0.0625,1,5.0E-5,64,551,521,0,0,1.0,522
11,2,0.0625,1,1.0E-5,0,575,200,0,0,0.0,80
11,2,0.0625,1,1.0E-5,4,565,189,0,0,0.0,80
11,2,0.0625,1,1.0E-5,8,555,187,0,0,0.0,81
11,2,0.0625,1,1.0E-5,16,552,196,0,0,0.0,80
11,2,0.0625,1,1.0E-5,32,556,190,0,0,0.0,79
11,2,0.0625,1,1.0E-5,64,561,190,0,0,0.0,80
11,2,0.125,0,0.01,0,723,2,5,8,0.44005449591280654,576
11,2,0.125,0,0.005,0,722,2,3,4,0.3583106267029973,561
11,2,0.125,0,0.001,0,745,2,0,1,0.16515289131092944,569
11,2,0.125,0,5.0E-4,0,722,2,0,1,0.10172570390554042,563
11,2,0.125,0,1.0E-4,0,765,2,0,0,0.032546170148349984,569
11,2,0.125,0,5.0E-5,0,719,2,0,0,0.017105661519830458,562
11,2,0.125,0,1.0E-5,0,752,2,0,0,0.0024220405691795337,571
11,2,0.125,1,0.01,0,725,1994,43,61,0.7612776264002422,617
11,2,0.125,1,0.01,4,763,2771,73,58,0.9992431123221314,847
11,2,0.125,1,0.01,8,732,4220,40,44,1.0,1576
11,2,0.125,1,0.01,16,755,8588,37,39,1.0,4281
11,2,0.125,1,0.01,32,743,24367,33,35,1.0,16438
11,2,0.125,1,0.01,64,722,75872,28,31,1.0,57503
11,2,0.125,1,0.005,0,722,1792,27,31,0.6548592188919165,689
11,2,0.125,1,0.005,4,718,2330,28,32,0.9966696942173782,753
11,2,0.125,1,0.005,8,726,3147,26,28,1.0,1180
11,2,0.125,1,0.005,16,722,6020,26,28,1.0,3022
11,2,0.125,1,0.005,32,717,16629,24,25,1.0,11847
11,2,0.125,1,0.005,64,724,54201,21,21,1.0,42227
11,2,0.125,1,0.001,0,721,1611,10,12,0.394792612776264,677
11,2,0.125,1,0.001,4,730,1824,10,11,0.9491371480472298,658
11,2,0.125,1,0.001,8,727,2165,11,11,0.982137450802301,784
11,2,0.125,1,0.001,16,727,3115,9,11,1.0,1532
11,2,0.125,1,0.001,32,727,7247,10,11,1.0,5370
11,2,0.125,1,0.001,64,720,23377,9,10,1.0,19130
11,2,0.125,1,5.0E-4,0,731,1560,7,8,0.29987889797154105,576
11,2,0.125,1,5.0E-4,4,831,1781,8,7,0.9062973054798668,664
11,2,0.125,1,5.0E-4,8,757,1986,6,7,0.9682107175295186,709
11,2,0.125,1,5.0E-4,16,749,2648,7,7,0.9909173478655767,1257
11,2,0.125,1,5.0E-4,32,754,5259,7,7,1.0,3762
11,2,0.125,1,5.0E-4,64,725,16287,6,7,1.0,13288
11,2,0.125,1,1.0E-4,0,726,1475,2,3,0.12609748713290947,548
11,2,0.125,1,1.0E-4,4,762,1573,2,3,0.6660611565243718,691
11,2,0.125,1,1.0E-4,8,721,1616,2,2,0.8079019073569482,626
11,2,0.125,1,1.0E-4,16,745,1980,2,3,0.9391462306993642,788
11,2,0.125,1,1.0E-4,32,717,2906,2,3,0.9993944898577051,1662
11,2,0.125,1,1.0E-4,64,727,6697,2,3,1.0,5328
11,2,0.125,1,5.0E-5,0,735,1506,1,2,0.06978504389948531,546
11,2,0.125,1,5.0E-5,4,752,1551,1,2,0.5336058128973661,618
11,2,0.125,1,5.0E-5,8,756,1584,1,2,0.709355131698456,627
11,2,0.125,1,5.0E-5,16,751,1753,1,2,0.9237057220708447,775
11,2,0.125,1,5.0E-5,32,735,2339,1,2,0.9959128065395095,1275
11,2,0.125,1,5.0E-5,64,746,4777,1,2,1.0,3618
11,2,0.125,1,1.0E-5,0,723,1515,0,1,0.005600968816227672,543
11,2,0.125,1,1.0E-5,4,753,1539,1,0,0.10051468362095065,610
11,2,0.125,1,1.0E-5,8,752,1540,0,0,0.17529518619436876,613
11,2,0.125,1,1.0E-5,16,751,1584,0,0,0.3490765970330003,640
11,2,0.125,1,1.0E-5,32,749,1754,1,0,0.737511353315168,799
11,2,0.125,1,1.0E-5,64,750,2450,0,0,0.9780502573418105,1481
11,2,0.25,0,0.01,0,1843,27,77,110,0.5259990597085097,8334
11,2,0.25,0,0.005,0,1863,22,38,49,0.45030559473436765,8151
11,2,0.25,0,0.001,0,1828,22,8,8,0.2600846262341326,8197
11,2,0.25,0,5.0E-4,0,1850,22,4,4,0.2066290550070522,8172
11,2,0.25,0,1.0E-4,0,1828,24,1,0,0.092524682651622,8156
11,2,0.25,0,5.0E-5,0,1742,21,0,1,0.05580629995298542,8193
11,2,0.25,0,1.0E-5,0,1728,20,1,0,0.0154677950164551,8093
11,2,0.25,1,0.01,0,1779,38334,440,633,0.8524212505876821,8023
11,2,0.25,1,0.01,4,1857,44692,443,565,0.9982604607428303,11008
11,2,0.25,1,0.01,8,1832,70356,386,427,1.0,17991
11,2,0.25,1,0.01,16,1821,121128,336,372,1.0,44960
11,2,0.25,1,0.01,32,1954,267662,286,312,1.0,147718
11,2,0.25,1,0.01,64,1744,698626,228,250,1.0,535364
11,2,0.25,1,0.005,0,1838,30214,295,311,0.7724494593323931,8422
11,2,0.25,1,0.005,4,1897,34672,290,330,0.9963328631875882,10247
11,2,0.25,1,0.005,8,1888,49803,262,280,0.9999529854254819,14004
11,2,0.25,1,0.005,16,1834,86183,233,248,1.0,30567
11,2,0.25,1,0.005,32,1826,183856,200,214,1.0,105964
11,2,0.25,1,0.005,64,1839,498643,164,173,1.0,393101
11,2,0.25,1,0.001,0,1824,25703,109,119,0.556088387400094,8214
11,2,0.25,1,0.001,4,1929,26675,107,115,0.9702397743300423,9030
11,2,0.25,1,0.001,8,1913,30417,100,108,0.9963328631875882,10612
11,2,0.25,1,0.001,16,1890,41492,106,113,1.0,17269
11,2,0.25,1,0.001,32,1943,80062,85,91,1.0,50274
11,2,0.25,1,0.001,64,1836,215220,74,82,1.0,185089
11,2,0.25,1,5.0E-4,0,1838,25106,67,74,0.462153267512929,8151
11,2,0.25,1,5.0E-4,4,1941,25582,67,87,0.9456041372825575,8672
11,2,0.25,1,5.0E-4,8,1916,27636,64,69,0.9896567936060179,9754
11,2,0.25,1,5.0E-4,16,1921,34600,61,67,1.0,14219
11,2,0.25,1,5.0E-4,32,1848,60034,59,61,1.0,36134
11,2,0.25,1,5.0E-4,64,1836,147316,51,110,1.0,130658
11,2,0.25,1,1.0E-4,0,1838,24586,23,28,0.25655853314527505,8322
11,2,0.25,1,1.0E-4,4,1934,24343,23,60,0.6944052656323461,8510
11,2,0.25,1,1.0E-4,8,1938,25057,22,66,0.8326751292900799,8819
11,2,0.25,1,1.0E-4,16,1933,27380,21,24,0.9753643629525153,10447
11,2,0.25,1,1.0E-4,32,1826,35639,21,65,1.0,18241
11,2,0.25,1,1.0E-4,64,1841,67656,19,27,1.0,53393
11,2,0.25,1,5.0E-5,0,1845,24091,13,42,0.19393511988716503,8151
11,2,0.25,1,5.0E-5,4,1922,24097,14,15,0.6739539257169722,8405
11,2,0.25,1,5.0E-5,8,1929,24605,14,29,0.7679360601786553,8615
11,2,0.25,1,5.0E-5,16,1955,25996,12,78,0.8716502115655853,9496
11,2,0.25,1,5.0E-5,32,1896,31122,13,13,0.9660084626234132,14796
11,2,0.25,1,5.0E-5,64,1870,53068,12,15,1.0,36891
11,2,0.25,1,1.0E-5,0,1944,25718,4,5,0.09769628584861308,8949
11,2,0.25,1,1.0E-5,4,1935,25433,4,6,0.45580629995298544,8997
11,2,0.25,1,1.0E-5,8,2099,24172,4,5,0.581335213916314,8963
11,2,0.25,1,1.0E-5,16,2523,26038,4,4,0.6720733427362482,8672
11,2,0.25,1,1.0E-5,32,1969,25842,4,4,0.7969910672308416,10184
11,2,0.25,1,1.0E-5,64,1929,32311,3,5,0.961683121767748,17553
11,2,0.5,0,0.01,0,2145,23,105,154,0.4006914662485122,11398
11,2,0.5,0,0.005,0,2123,22,51,77,0.32398783321682945,11180
11,2,0.5,0,0.001,0,2093,21,11,12,0.18000793485858949,11359
11,2,0.5,0,5.0E-4,0,2072,25,5,6,0.12911148476318227,11439
11,2,0.5,0,1.0E-4,0,2016,25,1,1,0.05112316034082107,11578
11,2,0.5,0,5.0E-5,0,2090,21,1,0,0.03899416221118059,11335
11,2,0.5,0,1.0E-5,0,2108,20,0,0,0.006971340046475601,11180
11,2,0.5,1,0.01,0,2021,51433,645,753,0.7838884585592564,11742
11,2,0.5,1,0.01,4,2103,65290,595,661,0.9956358277757835,15398
11,2,0.5,1,0.01,8,2066,103601,542,578,0.9992065141410515,23842
11,2,0.5,1,0.01,16,2022,198115,477,497,0.9998488598363908,55938
11,2,0.5,1,0.01,32,2012,470202,426,416,1.0,196869
11,2,0.5,1,0.01,64,2011,1347399,335,383,1.0,702815
11,2,0.5,1,0.005,0,2115,42400,395,493,0.6757098864559521,11468
11,2,0.5,1,0.005,4,2145,51600,392,429,0.9881354971566757,14365
11,2,0.5,1,0.005,8,2189,73601,360,449,0.99852638340481,19388
11,2,0.5,1,0.005,16,1992,133673,355,308,0.99950879446827,41382
11,2,0.5,1,0.005,32,1997,321314,279,297,0.9999433224386466,139884
11,2,0.5,1,0.005,64,1986,936078,235,270,1.0,502251
11,2,0.5,1,0.001,0,2002,36611,145,159,0.429615915059228,11875
11,2,0.5,1,0.001,4,2108,39704,145,170,0.9149269804084563,12994
11,2,0.5,1,0.001,8,2012,46150,136,149,0.9754019383725983,14216
11,2,0.5,1,0.001,16,2009,64784,127,141,0.9932175851580359,22847
11,2,0.5,1,0.001,32,2017,131311,116,129,0.9996788271523304,65050
