alg,regionSize,regionId,wayPointCost,VfgsSeriesCost,VfgsCalCost,VisCost,N0. of traj for Vfgs

0,0.03125,0,585,0,0
0,0.0625,0,571,0,0
0,0.125,0,529,1,4
0,0.25,0,622,3,37
0,0.5,0,641,20,1055
0,1.0,0,1908,284,23716
0,0.015625,1,525,0,0
0,0.03125,1,528,0,0
0,0.0625,1,518,0,2
0,0.125,1,523,0,2
0,0.25,1,525,0,6
0,0.5,1,616,1,123
0,1.0,1,1852,249,23771
0,0.015625,2,531,0,16
0,0.03125,2,544,0,193
0,0.0625,2,575,1,555
0,0.125,2,1361,12,2406
0,0.25,2,1664,172,21783
0,0.5,2,1748,217,23672
0,1.0,2,1757,209,23798
0,0.015625,3,490,0,34
0,0.03125,3,493,0,75
0,0.0625,3,501,1,146
0,0.125,3,548,2,518
0,0.25,3,1901,54,9257
0,0.5,3,1766,211,23659
0,1.0,3,1787,214,23809
0,0.015625,4,528,0,0
0,0.03125,4,509,0,0
0,0.0625,4,548,0,4
0,0.125,4,630,1,8
0,0.25,4,889,0,11
0,0.5,4,909,0,114
0,1.0,4,2602,209,23855
0,0.015625,5,962,1,613
0,0.03125,5,1009,3,1520
0,0.0625,5,1355,48,9703
0,0.125,5,1593,117,17201
0,0.25,5,1724,203,22527
0,0.5,5,2600,224,23711
0,1.0,5,1764,213,23790
0,0.015625,6,936,0,0
0,0.03125,6,953,0,0
0,0.0625,6,1038,0,1
0,0.125,6,974,0,6
0,0.25,6,937,1,31
0,0.5,6,1373,52,10644
0,1.0,6,1848,452,23768
0,0.015625,7,942,0,0
0,0.03125,7,958,0,0
0,0.0625,7,939,0,2
0,0.125,7,1046,0,4
0,0.25,7,975,0,36
0,0.5,7,948,1,93
0,1.0,7,3046,189,22159
1,0.015625,0,510,0,1,0,0
1,0.03125,0,515,0,0,0,0
1,0.0625,0,545,0,0,0,0
1,0.125,0,491,1,1,0,4
1,0.25,0,499,13,3,6,37
1,0.5,0,531,317,40,66,1055
1,1.0,0,1750,22365,2363,3827,23716
1,0.015625,1,483,0,0,0,0
1,0.03125,1,477,0,0,0,0
1,0.0625,1,475,0,0,1,2
1,0.125,1,482,1,0,1,2
1,0.25,1,489,2,0,1,6
1,0.5,1,569,29,4,14,123
1,1.0,1,2872,21947,2160,1430,23771
1,0.015625,2,495,0,0,0,16
1,0.03125,2,503,8,1,2,193
1,0.0625,2,525,72,7,16,555
1,0.125,2,691,778,49,94,2406
1,0.25,2,1620,14578,1728,1016,21783
1,0.5,2,3132,21851,2071,1470,23672
1,1.0,2,1766,22361,2126,1559,23798
1,0.015625,3,499,2,0,1,34
1,0.03125,3,491,7,0,3,75
1,0.0625,3,497,27,3,8,146
1,0.125,3,527,137,10,26,518
1,0.25,3,1049,5017,1504,389,9257
1,0.5,3,1903,22430,2099,1581,23659
1,1.0,3,2712,21587,2107,1565,23809
1,0.015625,4,502,0,0,0,0
1,0.03125,4,514,0,0,0,0
1,0.0625,4,535,0,0,0,4
1,0.125,4,630,1,1,0,8
1,0.25,4,889,2,1,1,11
1,0.5,4,917,28,3,11,114
1,1.0,4,1728,21266,2201,3952,23855
1,0.015625,5,965,23,6,8,613
1,0.03125,5,1015,156,21,27,1520
1,0.0625,5,1375,3832,689,307,9703
1,0.125,5,1588,10838,1547,709,17201
1,0.25,5,1709,20767,2130,3246,22527
1,0.5,5,1735,20887,2189,1379,23711
1,1.0,5,1799,21282,2179,1387,23790
1,0.015625,6,936,0,0,0,0
1,0.03125,6,936,0,0,0,0
1,0.0625,6,933,0,0,0,1
1,0.125,6,934,0,0,0,6
1,0.25,6,938,5,1,1,31
1,0.5,6,2768,3869,523,389,10644
1,1.0,6,1768,22465,2302,2549,23768
1,0.015625,7,953,0,0,0,0
1,0.03125,7,948,0,0,0,0
1,0.0625,7,958,0,0,0,2
1,0.125,7,958,1,0,0,4
1,0.25,7,966,8,1,5,36
1,0.5,7,971,26,2,12,93
1,1.0,7,3075,19580,2006,2952,22159
1,0.015625,0,584,0,0,0,0
2,0.03125,0,582,0,1,0,0
2,0.0625,0,704,0,0,0,0
2,0.125,0,635,1,82,5,4
2,0.25,0,620,8,846,23,37
2,0.5,0,606,96,13640,106,1055
2,1.0,0,2022,4924,498258,1112,23716
2,0.015625,1,624,0,0,0,0
2,0.03125,1,542,0,0,0,0
2,0.0625,1,558,1,43,0,2
2,0.125,1,539,1,63,0,2
2,0.25,1,550,2,208,2,6
2,0.5,1,628,16,2219,16,123
2,0.03125,2,564,9,255,13,193
2,0.0625,2,644,29,3607,37,555
2,0.125,2,496,193,26180,118,2406
2,0.25,2,1455,2981,353910,756,21783
2,0.5,2,1567,4796,487685,1861,23672
2,0.015625,3,328,1,126,0,34
2,0.03125,3,332,3,469,2,75
2,0.0625,3,360,13,1467,7,146
2,0.125,3,351,43,4691,54,518
2,0.25,3,813,967,103010,306,9257
2,0.5,3,1388,4756,466584,1043,23659
2,0.015625,4,328,0,1,0,0
2,0.03125,4,340,0,0,0,0
2,0.0625,4,357,0,12,0,4
2,0.125,4,415,0,84,1,8
2,0.25,4,572,2,171,1,11
2,0.5,4,592,15,1939,42,114
2,0.015625,5,465,13,612,5,613
2,0.03125,5,521,47,3184,15,1520
2,0.0625,5,876,657,65918,197,9703
2,0.125,5,1985,1949,213759,462,17201
2,0.25,5,1329,4248,407971,904,22527
2,0.5,5,1390,4874,477122,949,23711
2,0.015625,6,424,0,0,0,0
2,0.03125,6,436,0,0,0,0
2,0.0625,6,412,0,2,0,1
2,0.125,6,423,0,24,0,6
2,0.25,6,1360,3,335,2,31
2,0.5,6,862,782,88517,347,10644
2,0.015625,7,417,0,0,0,0
2,0.03125,7,418,0,0,0,0
2,0.0625,7,428,0,9,0,2
2,0.125,7,421,1,81,1,4
2,0.25,7,430,4,881,5,36
2,0.5,7,427,13,1800,11,93
2,0.015625,0,306,0,0,0,0


